storm_id,storm_name,time,grade,latitude,longitude,central_pressure_hpa,max_sustained_wind_kt
2106,IN-FA,2021-07-15T18:00:00Z,2,16.6,135.1,1006,0
2106,IN-FA,2021-07-16T00:00:00Z,2,16.9,135.3,1006,0
2106,IN-FA,2021-07-16T06:00:00Z,2,17.5,135.4,1004,0
2106,IN-FA,2021-07-16T12:00:00Z,2,18.5,135.3,1004,0
2106,IN-FA,2021-07-16T18:00:00Z,2,19.5,135.3,1004,0
2106,IN-FA,2021-07-17T00:00:00Z,2,20.7,134.3,1002,0
2106,IN-FA,2021-07-17T06:00:00Z,2,21.2,133.9,1000,0
2106,IN-FA,2021-07-17T12:00:00Z,3,21.6,133.5,998,35
2106,IN-FA,2021-07-17T18:00:00Z,3,22.1,133,998,35
2106,IN-FA,2021-07-18T00:00:00Z,3,22.6,132.5,998,35
2106,IN-FA,2021-07-18T06:00:00Z,3,22.9,132.2,996,40
2106,IN-FA,2021-07-18T12:00:00Z,3,23.4,132.1,996,40
2106,IN-FA,2021-07-18T18:00:00Z,3,23.7,132.1,992,45
2106,IN-FA,2021-07-19T00:00:00Z,4,23.9,131.9,990,50
2106,IN-FA,2021-07-19T06:00:00Z,4,24,131.7,990,50
2106,IN-FA,2021-07-19T12:00:00Z,4,24,131.6,990,50
2106,IN-FA,2021-07-19T18:00:00Z,4,24.2,131.2,990,50
2106,IN-FA,2021-07-20T00:00:00Z,4,24.5,130.8,985,55
2106,IN-FA,2021-07-20T03:00:00Z,4,24.6,130.3,985,55
2106,IN-FA,2021-07-20T06:00:00Z,4,24.7,129.8,980,60
2106,IN-FA,2021-07-20T09:00:00Z,4,24.7,129.4,980,60
2106,IN-FA,2021-07-20T12:00:00Z,5,24.6,129,975,65
2106,IN-FA,2021-07-20T15:00:00Z,5,24.4,128.4,975,65
2106,IN-FA,2021-07-20T18:00:00Z,5,24.2,128.2,970,70
2106,IN-FA,2021-07-20T21:00:00Z,5,24.2,128,970,70
2106,IN-FA,2021-07-21T00:00:00Z,5,24.2,127.9,965,75
2106,IN-FA,2021-07-21T03:00:00Z,5,24.2,127.6,965,75
2106,IN-FA,2021-07-21T06:00:00Z,5,24.2,127.2,965,75
2106,IN-FA,2021-07-21T09:00:00Z,5,24.2,126.9,965,75
2106,IN-FA,2021-07-21T12:00:00Z,5,24,126.6,955,80
2106,IN-FA,2021-07-21T15:00:00Z,5,23.8,126.4,955,80
2106,IN-FA,2021-07-21T18:00:00Z,5,23.7,126.2,950,85
2106,IN-FA,2021-07-21T21:00:00Z,5,23.5,126,950,85
2106,IN-FA,2021-07-22T00:00:00Z,5,23.3,126,950,85
2106,IN-FA,2021-07-22T03:00:00Z,5,23.4,125.9,950,85
2106,IN-FA,2021-07-22T06:00:00Z,5,23.5,125.8,950,85
2106,IN-FA,2021-07-22T09:00:00Z,5,23.5,125.8,950,85
2106,IN-FA,2021-07-22T12:00:00Z,5,23.6,125.8,955,80
2106,IN-FA,2021-07-22T15:00:00Z,5,23.7,125.7,955,80
2106,IN-FA,2021-07-22T18:00:00Z,5,23.7,125.5,960,75
2106,IN-FA,2021-07-22T21:00:00Z,5,23.8,125.5,960,75
2106,IN-FA,2021-07-23T00:00:00Z,5,24.3,125.4,960,75
2106,IN-FA,2021-07-23T03:00:00Z,5,24.5,125.3,960,75
2106,IN-FA,2021-07-23T06:00:00Z,5,24.6,125.1,960,75
2106,IN-FA,2021-07-23T09:00:00Z,5,24.7,125.1,960,75
2106,IN-FA,2021-07-23T12:00:00Z,5,24.8,125.1,960,75
2106,IN-FA,2021-07-23T15:00:00Z,5,25.2,125.1,965,70
2106,IN-FA,2021-07-23T18:00:00Z,5,25.5,125,965,70
2106,IN-FA,2021-07-23T21:00:00Z,5,26,124.9,965,70
2106,IN-FA,2021-07-24T00:00:00Z,5,26.5,124.7,960,75
2106,IN-FA,2021-07-24T03:00:00Z,5,26.8,124.5,960,75
2106,IN-FA,2021-07-24T06:00:00Z,5,27.2,124.4,960,75
2106,IN-FA,2021-07-24T09:00:00Z,5,27.6,124.2,960,75
2106,IN-FA,2021-07-24T12:00:00Z,5,28.1,124.1,960,75
2106,IN-FA,2021-07-24T18:00:00Z,5,28.7,123.7,960,75
2106,IN-FA,2021-07-25T00:00:00Z,5,29.7,123.1,970,65
2106,IN-FA,2021-07-25T06:00:00Z,5,30,122.5,970,65
2106,IN-FA,2021-07-25T12:00:00Z,4,30.1,122.1,975,60
2106,IN-FA,2021-07-25T18:00:00Z,4,30.3,121.6,980,55
2106,IN-FA,2021-07-26T00:00:00Z,4,30.6,121.1,985,50
2106,IN-FA,2021-07-26T06:00:00Z,4,30.9,121,985,50
2106,IN-FA,2021-07-26T12:00:00Z,3,30.7,120.4,985,45
2106,IN-FA,2021-07-26T18:00:00Z,3,31,119.9,985,40
2106,IN-FA,2021-07-27T00:00:00Z,3,31.2,119.5,985,40
2106,IN-FA,2021-07-27T06:00:00Z,3,31.3,119.1,985,35
2106,IN-FA,2021-07-27T12:00:00Z,3,31.6,118.9,985,35
2106,IN-FA,2021-07-27T18:00:00Z,2,32.2,117.9,990,0
2106,IN-FA,2021-07-28T00:00:00Z,2,32.5,117.3,990,0
2106,IN-FA,2021-07-28T06:00:00Z,2,32.7,117,990,0
2106,IN-FA,2021-07-28T12:00:00Z,2,33.3,116.9,990,0
2106,IN-FA,2021-07-28T18:00:00Z,2,33.8,116.9,990,0
2106,IN-FA,2021-07-29T00:00:00Z,2,35.1,117.1,990,0
2106,IN-FA,2021-07-29T06:00:00Z,2,35.7,117.2,992,0
2106,IN-FA,2021-07-29T12:00:00Z,2,37.1,118.1,992,0
2106,IN-FA,2021-07-29T18:00:00Z,6,38.1,118.5,992,0
2106,IN-FA,2021-07-30T00:00:00Z,6,38.5,119,992,0
2106,IN-FA,2021-07-30T06:00:00Z,6,38.9,119.4,992,0
2106,IN-FA,2021-07-30T12:00:00Z,6,39.1,119.8,994,0
2106,IN-FA,2021-07-30T18:00:00Z,6,39.6,120.4,994,0
2106,IN-FA,2021-07-31T00:00:00Z,6,40.2,121,994,0
2106,IN-FA,2021-07-31T06:00:00Z,6,40.9,121.5,994,0
2109,LUPIT,2021-08-02T12:00:00Z,2,21.1,111.8,996,0
2109,LUPIT,2021-08-02T18:00:00Z,2,21.3,112.4,996,0
2109,LUPIT,2021-08-03T00:00:00Z,2,21.5,113.3,996,0
2109,LUPIT,2021-08-03T06:00:00Z,2,21.5,113.4,996,0
2109,LUPIT,2021-08-03T12:00:00Z,2,21.2,114.1,996,0
2109,LUPIT,2021-08-03T18:00:00Z,2,21,114.7,996,0
2109,LUPIT,2021-08-04T00:00:00Z,3,21.2,115.4,994,35
2109,LUPIT,2021-08-04T06:00:00Z,3,21.5,115.5,992,35
2109,LUPIT,2021-08-04T12:00:00Z,3,21.7,116.1,990,40
2109,LUPIT,2021-08-04T18:00:00Z,3,22.3,116.6,990,40
2109,LUPIT,2021-08-05T00:00:00Z,3,23.3,117,990,40
2109,LUPIT,2021-08-05T06:00:00Z,3,23.5,116.9,990,40
2109,LUPIT,2021-08-05T12:00:00Z,3,23.9,117.2,992,40
2109,LUPIT,2021-08-05T18:00:00Z,3,24,117.5,992,40
2109,LUPIT,2021-08-06T00:00:00Z,3,24.2,118.1,992,40
2109,LUPIT,2021-08-06T06:00:00Z,3,24.7,118.8,992,40
2109,LUPIT,2021-08-06T12:00:00Z,3,24.9,119.6,994,35
2109,LUPIT,2021-08-06T18:00:00Z,3,25.1,120,994,35
2109,LUPIT,2021-08-07T00:00:00Z,3,25.1,120.7,994,35
2109,LUPIT,2021-08-07T06:00:00Z,3,26.1,122.9,994,35
2109,LUPIT,2021-08-07T12:00:00Z,3,27.5,124.5,994,35
2109,LUPIT,2021-08-07T18:00:00Z,3,28.3,125.8,992,40
2109,LUPIT,2021-08-08T00:00:00Z,3,29.3,127,990,40
2109,LUPIT,2021-08-08T06:00:00Z,3,30,129,990,40
2109,LUPIT,2021-08-08T11:00:00Z,3,31.3,130.4,988,40
2109,LUPIT,2021-08-08T12:00:00Z,3,31.5,130.9,988,40
2109,LUPIT,2021-08-08T18:00:00Z,3,33.9,132.3,984,45
2109,LUPIT,2021-08-08T20:00:00Z,3,34.4,132.5,984,45
2109,LUPIT,2021-08-09T00:00:00Z,6,35.4,133.8,982,0
2109,LUPIT,2021-08-09T06:00:00Z,6,36.6,135,982,0
2109,LUPIT,2021-08-09T12:00:00Z,6,37.9,136.3,984,0
2109,LUPIT,2021-08-09T18:00:00Z,6,39.1,138.2,984,0
2109,LUPIT,2021-08-10T00:00:00Z,6,39.8,140.9,988,0
2109,LUPIT,2021-08-10T06:00:00Z,6,40.7,143.3,988,0
2109,LUPIT,2021-08-10T12:00:00Z,6,40.9,145.7,988,0
2109,LUPIT,2021-08-10T18:00:00Z,6,41.4,148.2,988,0
2109,LUPIT,2021-08-11T00:00:00Z,6,42.1,150.8,988,0
2109,LUPIT,2021-08-11T06:00:00Z,6,42.5,153.4,984,0
2109,LUPIT,2021-08-11T12:00:00Z,6,42.9,155.7,984,0
2109,LUPIT,2021-08-11T18:00:00Z,6,43.2,157.7,984,0
2109,LUPIT,2021-08-12T00:00:00Z,6,43.4,159.4,984,0
2109,LUPIT,2021-08-12T06:00:00Z,6,43.7,161.7,986,0
2109,LUPIT,2021-08-12T12:00:00Z,6,44.4,163.9,988,0
2109,LUPIT,2021-08-12T18:00:00Z,6,44.8,165.1,988,0
2109,LUPIT,2021-08-13T00:00:00Z,6,44.9,165.5,986,0
2109,LUPIT,2021-08-13T06:00:00Z,6,45,166.1,988,0
2109,LUPIT,2021-08-13T12:00:00Z,6,44.7,167.5,992,0
2109,LUPIT,2021-08-13T18:00:00Z,6,44.8,170.4,996,0
2109,LUPIT,2021-08-14T00:00:00Z,6,45.1,172.5,1000,0
2109,LUPIT,2021-08-14T06:00:00Z,6,45.6,173.5,1002,0
2109,LUPIT,2021-08-14T12:00:00Z,6,46,173.8,1006,0
2109,LUPIT,2021-08-14T18:00:00Z,6,46.4,174.1,1006,0
2109,LUPIT,2021-08-15T00:00:00Z,6,46.5,174.6,1008,0
2109,LUPIT,2021-08-15T06:00:00Z,6,46.9,174.9,1008,0
2109,LUPIT,2021-08-15T12:00:00Z,6,47.6,175.2,1008,0
2109,LUPIT,2021-08-15T18:00:00Z,6,47.6,175.2,1006,0
2114,CHANTHU,2021-09-05T06:00:00Z,2,12.4,140.5,1006,0
2114,CHANTHU,2021-09-05T12:00:00Z,2,13,139.9,1008,0
2114,CHANTHU,2021-09-05T18:00:00Z,2,13.4,139.5,1006,0
2114,CHANTHU,2021-09-06T00:00:00Z,2,13.5,139,1006,0
2114,CHANTHU,2021-09-06T06:00:00Z,2,13.9,138.6,1004,0
2114,CHANTHU,2021-09-06T12:00:00Z,3,14.6,138,1002,35
2114,CHANTHU,2021-09-06T18:00:00Z,3,15.3,137.4,1000,35
2114,CHANTHU,2021-09-07T00:00:00Z,3,15.7,136.4,994,45
2114,CHANTHU,2021-09-07T06:00:00Z,4,16.1,135.6,990,55
2114,CHANTHU,2021-09-07T12:00:00Z,5,16.3,134.5,980,65
2114,CHANTHU,2021-09-07T18:00:00Z,5,16.3,133.5,960,80
2114,CHANTHU,2021-09-08T00:00:00Z,5,16,132.4,950,90
2114,CHANTHU,2021-09-08T06:00:00Z,5,15.7,131.4,940,95
2114,CHANTHU,2021-09-08T12:00:00Z,5,15.6,130.3,940,95
2114,CHANTHU,2021-09-08T18:00:00Z,5,15.4,129.1,935,100
2114,CHANTHU,2021-09-09T00:00:00Z,5,15.5,128,935,100
2114,CHANTHU,2021-09-09T06:00:00Z,5,15.8,127.1,935,100
2114,CHANTHU,2021-09-09T12:00:00Z,5,16.1,125.9,935,100
2114,CHANTHU,2021-09-09T18:00:00Z,5,16.6,124.9,935,100
2114,CHANTHU,2021-09-10T00:00:00Z,5,17.1,124.1,930,105
2114,CHANTHU,2021-09-10T06:00:00Z,5,17.8,123.5,910,115
2114,CHANTHU,2021-09-10T12:00:00Z,5,18.7,122.9,910,115
2114,CHANTHU,2021-09-10T18:00:00Z,5,19.5,122.3,905,115
2114,CHANTHU,2021-09-11T00:00:00Z,5,20.3,121.9,905,115
2114,CHANTHU,2021-09-11T06:00:00Z,5,21,121.5,910,110
2114,CHANTHU,2021-09-11T12:00:00Z,5,21.8,121.8,920,105
2114,CHANTHU,2021-09-11T18:00:00Z,5,22.8,122,935,100
2114,CHANTHU,2021-09-11T21:00:00Z,5,23.3,122.1,935,100
2114,CHANTHU,2021-09-12T00:00:00Z,5,23.8,122.3,935,100
2114,CHANTHU,2021-09-12T03:00:00Z,5,24.6,122.4,940,95
2114,CHANTHU,2021-09-12T06:00:00Z,5,25.2,122.3,950,90
2114,CHANTHU,2021-09-12T09:00:00Z,5,25.7,122.4,955,85
2114,CHANTHU,2021-09-12T12:00:00Z,5,26.2,122.6,960,80
2114,CHANTHU,2021-09-12T18:00:00Z,5,27.6,123,955,85
2114,CHANTHU,2021-09-13T00:00:00Z,5,29.1,123.5,955,85
2114,CHANTHU,2021-09-13T06:00:00Z,5,30.7,123.3,960,80
2114,CHANTHU,2021-09-13T12:00:00Z,5,30.9,123.2,970,75
2114,CHANTHU,2021-09-13T18:00:00Z,5,31.4,123.5,975,70
2114,CHANTHU,2021-09-14T00:00:00Z,5,31.3,123.8,980,65
2114,CHANTHU,2021-09-14T06:00:00Z,4,30.9,124.2,985,55
2114,CHANTHU,2021-09-14T12:00:00Z,4,30.5,124.7,990,50
2114,CHANTHU,2021-09-14T18:00:00Z,3,30.2,125.1,992,45
2114,CHANTHU,2021-09-15T00:00:00Z,3,30.3,125.7,992,45
2114,CHANTHU,2021-09-15T06:00:00Z,3,30.4,125.9,992,45
2114,CHANTHU,2021-09-15T12:00:00Z,3,30.2,125.7,992,45
2114,CHANTHU,2021-09-15T18:00:00Z,4,30.2,125.3,990,50
2114,CHANTHU,2021-09-16T00:00:00Z,4,30.4,125,990,50
2114,CHANTHU,2021-09-16T06:00:00Z,4,31.1,125.3,990,50
2114,CHANTHU,2021-09-16T12:00:00Z,4,31.7,125.8,990,50
2114,CHANTHU,2021-09-16T15:00:00Z,4,31.9,126,990,50
2114,CHANTHU,2021-09-16T18:00:00Z,4,32.3,126.4,990,50
2114,CHANTHU,2021-09-16T21:00:00Z,4,32.6,126.8,990,50
2114,CHANTHU,2021-09-17T00:00:00Z,4,32.9,127.5,990,50
2114,CHANTHU,2021-09-17T03:00:00Z,4,33.3,128.3,990,50
2114,CHANTHU,2021-09-17T06:00:00Z,4,33.5,129.2,990,50
2114,CHANTHU,2021-09-17T09:00:00Z,4,33.8,130.2,990,50
2114,CHANTHU,2021-09-17T12:00:00Z,3,33.8,131.6,992,45
2114,CHANTHU,2021-09-17T15:00:00Z,3,33.8,132.5,994,45
2114,CHANTHU,2021-09-17T18:00:00Z,3,33.8,134.1,994,45
2114,CHANTHU,2021-09-17T21:00:00Z,3,34,135.1,996,40
2114,CHANTHU,2021-09-18T00:00:00Z,3,34.5,136.5,1000,35
2114,CHANTHU,2021-09-18T03:00:00Z,3,34.3,137.1,1000,35
2114,CHANTHU,2021-09-18T06:00:00Z,6,34.4,137.6,1002,0
2114,CHANTHU,2021-09-18T12:00:00Z,6,34.4,139.1,1004,0
2114,CHANTHU,2021-09-18T18:00:00Z,6,34,140.4,1006,0
2114,CHANTHU,2021-09-19T00:00:00Z,6,33.6,140.9,1008,0
2114,CHANTHU,2021-09-19T06:00:00Z,6,33,141.1,1008,0
2114,CHANTHU,2021-09-19T12:00:00Z,6,32.5,141.2,1010,0
2114,CHANTHU,2021-09-19T18:00:00Z,6,32.2,141,1010,0
2114,CHANTHU,2021-09-20T00:00:00Z,6,31.8,140.7,1010,0
